 vector A after fft:   5.64412221E-06  0.234226122  0.43987003  0.594707906
  0.687710643  0.721267998  0.710261226  0.678203344  0.651372552  0.652324855
  0.694324076  0.778005421  0.891067624  1.01106596  1.11064756  1.16399717
  1.15296817  1.07145059  0.926946342  0.73897326  0.534675837  0.34267503
  0.186603129  0.0798500925  0.0227536689  0.00289585907 -0.00157797022
 -0.01639672 -0.0646848828 -0.161100969 -0.307984769 -0.494425982 -0.698484063
 -0.892035902 -1.04711747 -1.14225924 -1.16733003 -1.12574148 -1.03350544
 -0.915355921 -0.798866451 -0.707941771 -0.657227218 -0.648752928 -0.671603203
 -0.704690456 -0.721969306 -0.698861778 -0.618371785 -0.475434124 -0.278474361
 -0.0477996469  0.188803568  0.402228028  0.568519771  0.674134672  0.718752503
  0.714978755  0.685023665  0.655133903  0.649106324  0.682416379  0.758353472
  0.867073596  0.987805486  1.09367943  1.1580503  1.16081285  1.09322488
  0.960092783  0.778804421  0.57543391  0.378835946  0.214120716  0.0970432982
  0.0306314714  0.00484138867 -0.00068287045 -0.0114064123 -0.0514854342
 -0.137661487 -0.274913549 -0.454901546 -0.657573998 -0.855565131 -1.02034891
 -1.12870264 -1.16795409 -1.13878059 -1.05489826 -0.939722002 -0.820780277
 -0.723208964 -0.663861215 -0.647419274 -0.665429294 -0.698483348 -0.721031368
 -0.707681239 -0.639496505 -0.508802474 -0.321354806 -0.0953578427  0.142441407
  0.36267066  0.539864004  0.658079088  0.714270592  0.718636394  0.691854835
  0.659876943  0.647500813  0.672257006  0.740048587  0.843580008  0.963949561
  1.07502937  1.1496011  1.16579878  1.11233604  0.991284847  0.817743421
  0.616475224  0.416303337  0.243585616  0.116305947  0.0401676744
  0.00761484774 -1.18876528E-07 -0.00761517277 -0.040169131 -0.11630898
 -0.2435904 -0.416308612 -0.616480947 -0.817748725 -0.991289139 -1.11233854
 -1.16579926 -1.14959979 -1.07502675 -0.963946164 -0.84357661 -0.740046144
 -0.672255814 -0.647500873 -0.659878075 -0.691856325 -0.71863699 -0.714270234
 -0.658076882 -0.53986007 -0.362664938 -0.142435119  0.0953643173  0.321360469
  0.508807361  0.639499426  0.707682133  0.721031129  0.698482871  0.665428758
  0.647419751  0.663862884  0.723211586  0.820783496  0.939725876  1.05490148
  1.13878262  1.16795444  1.12870085  1.02034521  0.855559945  0.657568455
  0.45489639  0.274909198  0.137658313  0.0514839105  0.011406132
  0.000683028658 -0.00484192371 -0.0306325089 -0.0970457569 -0.214124814
 -0.378841549 -0.575439811 -0.778810203 -0.960097551 -1.09322822 -1.16081381
 -1.15804923 -1.09367692 -0.987802267 -0.867070317 -0.758350909 -0.682415009
 -0.649105608 -0.655134141 -0.68502444 -0.714979112 -0.718751609 -0.674132645
 -0.568515837 -0.402222514 -0.188796744  0.0478062294  0.278480291  0.475438535
  0.618374884  0.698863149  0.72196877  0.704689264  0.67160219  0.648752034
  0.657227695  0.707943499  0.798869133  0.91535908  1.03350818  1.12574339
  1.16732991  1.14225721  1.04711342  0.892030597  0.698477983  0.494420409
  0.30798021  0.161097795  0.0646825954  0.0163960475  0.00157810759
 -0.00289585372 -0.0227547418 -0.0798519403 -0.186606616 -0.342679858
 -0.534681439 -0.738978565 -0.926950812 -1.07145357 -1.15296948 -1.16399682
 -1.11064541 -1.01106286 -0.891064346 -0.77800256 -0.694322348 -0.652324378
 -0.651372612 -0.678203702 -0.710260987 -0.721265972 -0.687705874 -0.594700992
 -0.439860493 -0.234214768  6.78355354E-06  0.234227255  0.439870745
  0.594707906  0.687709808  0.721266448  0.710259438  0.678201795  0.651371837
  0.652325451  0.694325984  0.778008521  0.89107132  1.0110693  1.11064994
  1.16399789  1.15296698  1.07144749  0.926941574  0.738967657  0.534670115
  0.342670023  0.186599374  0.0798477978  0.0227526594  0.00289562624
 -0.00157812552 -0.0163975172 -0.0646868795 -0.161104426 -0.307989538
 -0.494431585 -0.698489785 -0.892040908 -1.04712105 -1.14226091 -1.16732979
 -1.12573957 -1.03350234 -0.915352464 -0.798863471 -0.707939744 -0.657226384
 -0.648753166 -0.671604156 -0.704691291 -0.721969306 -0.698860347 -0.618368566
 -0.475429237 -0.278468221 -0.0477929041  0.188810065  0.402233511  0.568523586
  0.674136817  0.71875298  0.714978158  0.685022712  0.655133307  0.649106681
  0.682417929  0.758356094  0.867076933  0.987808824  1.09368205  1.15805125
  1.1608119  1.09322202  0.960088253  0.778798819  0.575428069  0.378830761
  0.214116693  0.0970407203  0.0306302421  0.00484105805 -0.000682977436
 -0.011407027 -0.0514871627 -0.137664646 -0.274918079 -0.45490703 -0.65757972
 -0.855570376 -1.02035272 -1.12870479 -1.16795409 -1.13877892 -1.0548954
 -0.939718544 -0.820777059 -0.723206699 -0.663860142 -0.647419393 -0.665430129
 -0.698484302 -0.721031606 -0.707680166 -0.639493763 -0.508797944 -0.321348846
 -0.095351167  0.142447993  0.362676382  0.539868176  0.658081472  0.714271307
  0.718635917  0.691853881  0.659876227  0.647500932  0.672258317  0.740051091
  0.843583226  0.963953018  1.07503223  1.14960253  1.16579831  1.11233366
  0.991280556  0.817738056  0.616469383  0.416297972  0.243581325  0.116303086
  0.0401662141  0.00761439232 -2.08841698E-07 -0.00761563191 -0.0401705988
 -0.116311856 -0.243594691 -0.416313976 -0.616486788 -0.817754209 -0.99129343
 -1.11234117 -1.16579974 -1.14959836 -1.07502389 -0.963942707 -0.843573391
 -0.74004364 -0.672254503 -0.647500753 -0.65987879 -0.691857278 -0.718637466
 -0.7142694 -0.658074498 -0.539855897 -0.362659216 -0.142428532  0.095370993
  0.321366429  0.508811891  0.639502168  0.707683206  0.721030891  0.698481917
  0.665427923  0.647419631  0.663863957  0.723213851  0.820786715  0.939729333
  1.05490434  1.13878429  1.16795444  1.12869871  1.02034116  0.8555547
  0.657562613  0.454890907  0.274904668  0.137655154  0.0514821894
  0.0114055192  0.000682923535 -0.00484225154 -0.0306337345 -0.0970483348
 -0.214128837 -0.378846735 -0.575445533 -0.778815806 -0.960102081 -1.09323108
 -1.16081476 -1.15804827 -1.0936743 -0.987798929 -0.867066979 -0.758348167
 -0.682413459 -0.649105251 -0.655134737 -0.685025394 -0.714979708 -0.718751132
 -0.674130499 -0.568511903 -0.402217031 -0.188790247  0.0478129648  0.278486431
  0.475443423  0.618378103  0.698864579  0.72196877  0.70468843  0.671601236
  0.648751795  0.657228529  0.707945526  0.798872113  0.915362537  1.03351128
  1.1257453  1.16733015  1.14225554  1.04710984  0.89202559  0.698472261
  0.494414747  0.307975441  0.161094338  0.0646805838  0.0163952392
  0.00157794345 -0.00289609353 -0.0227557588 -0.0798542351 -0.186610371
 -0.342684865 -0.534687161 -0.738984168 -0.926955581 -1.07145667 -1.15297067
 -1.16399586 -1.11064279 -1.01105928 -0.89106065 -0.777999341 -0.694320321
 -0.652323782 -0.651373446 -0.67820549 -0.710263252 -0.721268237 -0.687707782
 -0.594702423 -0.439861625 -0.234215811 -2.13367324E-10
