0	0.000000	
1	0.304301	
2	0.593807	
3	0.854599	
4	1.074450	
5	1.243550	
6	1.355080	
7	1.405606	
8	1.395276	
9	1.327797	
10	1.210201	
11	1.052414	
12	0.866649	
13	0.666663	
14	0.466924	
15	0.281734	
16	0.124363	
17	0.006244	
18	-0.063716	
19	-0.079682	
20	-0.039241	
21	0.056442	
22	0.202692	
23	0.391603	
24	0.612502	
25	0.852593	
26	1.097717	
27	1.333203	
28	1.544747	
29	1.719269	
30	1.845698	
31	1.915639	
32	1.923880	
33	1.868705	
34	1.752008	
35	1.579175	
36	1.358777	
37	1.102056	
38	0.822263	
39	0.533869	
40	0.251709	
41	-0.009903	
42	-0.238014	
43	-0.421806	
44	-0.553231	
45	-0.627478	
46	-0.643259	
47	-0.602863	
48	-0.512016	
49	-0.379521	
50	-0.216719	
51	-0.036795	
52	0.146024	
53	0.317334	
54	0.463432	
55	0.572150	
56	0.633595	
57	0.640758	
58	0.589943	
59	0.481004	
60	0.317366	
61	0.105826	
62	-0.143837	
63	-0.419438	
64	-0.707109	
65	-0.992119	
66	-1.259745	
67	-1.496150	
68	-1.689199	
69	-1.829185	
70	-1.909395	
71	-1.926515	
72	-1.880819	
73	-1.776146	
74	-1.619669	
75	-1.421460	
76	-1.193884	
77	-0.950855	
78	-0.707004	
79	-0.476798	
80	-0.273677	
81	-0.109247	
82	0.007413	
83	0.070290	
84	0.076796	
85	0.027918	
86	-0.071844	
87	-0.214759	
88	-0.390329	
89	-0.585926	
90	-0.787560	
91	-0.980723	
92	-1.151271	
93	-1.286277	
94	-1.374820	
95	-1.408648	
96	-1.382683	
97	-1.295340	
98	-1.148632	
99	-0.948060	
100	-0.702298	
101	-0.422684	
102	-0.122555	
103	0.183541	
104	0.480704	
105	0.754560	
106	0.992114	
107	1.182511	
108	1.317676	
109	1.392788	
110	1.406551	
111	1.361266	
112	1.262676	
113	1.119612	
114	0.943455	
115	0.747441	
116	0.545858	
117	0.353180	
118	0.183190	
119	0.048146	
120	-0.041959	
121	-0.080009	
122	-0.062191	
123	0.011763	
124	0.138564	
125	0.311549	
126	0.521086	
127	0.755141	
128	1.000003	
129	1.241102	
130	1.463879	
131	1.654667	
132	1.801503	
133	1.894851	
134	1.928178	
135	1.898344	
136	1.805799	
137	1.654560	
138	1.451975	
139	1.208288	
140	0.936037	
141	0.649304	
142	0.362884	
143	0.091404	
144	-0.151540	
145	-0.354193	
146	-0.507331	
147	-0.604805	
148	-0.643896	
149	-0.625469	
150	-0.553908	
151	-0.436839	
152	-0.284664	
153	-0.109920	
154	0.073479	
155	0.251095	
156	0.408842	
157	0.533842	
158	0.615210	
159	0.644721	
160	0.617316	
161	0.531413	
162	0.389020	
163	0.195622	
164	-0.040134	
165	-0.306947	
166	-0.591529	
167	-0.879390	
168	-1.155699	
169	-1.406161	
170	-1.617868	
171	-1.780062	
172	-1.884776	
173	-1.927302	
174	-1.906468	
175	-1.824703	
176	-1.687889	
177	-1.505001	
178	-1.287571	
179	-1.048988	
180	-0.803700	
181	-0.566347	
182	-0.350880	
183	-0.169729	
184	-0.033059	
185	0.051839	
186	0.080975	
187	0.053903	
188	-0.026261	
189	-0.153033	
190	-0.316953	
191	-0.506160	
192	-0.707111	
193	-0.905400	
194	-1.086632	
195	-1.237294	
196	-1.345574	
197	-1.402083	
198	-1.400425	
199	-1.337593	
200	-1.214161	
201	-1.034261	
202	-0.805350	
203	-0.537771	
204	-0.244151	
205	0.061346	
206	0.363856	
207	0.648690	
208	0.902202	
209	1.112599	
210	1.270625	
211	1.370114	
212	1.408341	
213	1.386172	
214	1.308006	
215	1.181494	
216	1.017072	
217	0.827327	
218	0.626225	
219	0.428273	
220	0.247633	
221	0.097270	
222	-0.011836	
223	-0.071358	
224	-0.076120	
225	-0.024422	
226	0.081858	
227	0.237371	
228	0.433612	
229	0.659429	
230	0.901688	
231	1.146059	
232	1.377874	
233	1.583006	
234	1.748716	
235	1.864422	
236	1.922330	
237	1.917908	
238	1.850162	
239	1.721697	
240	1.538571	
241	1.309933	
242	1.047486	
243	0.764791	
244	0.476461	
245	0.197297	
246	-0.058592	
247	-0.278623	
248	-0.452487	
249	-0.572749	
250	-0.635291	
251	-0.639537	
252	-0.588487	
253	-0.488516	
254	-0.348982	
255	-0.181654	
256	0.000005	
257	0.181664	
258	0.348990	
259	0.488523	
260	0.588492	
261	0.639539	
262	0.635289	
263	0.572744	
264	0.452478	
265	0.278612	
266	0.058578	
267	-0.197312	
268	-0.476477	
269	-0.764807	
270	-1.047502	
271	-1.309947	
272	-1.538583	
273	-1.721706	
274	-1.850168	
275	-1.917910	
276	-1.922328	
277	-1.864417	
278	-1.748708	
279	-1.582995	
280	-1.377861	
281	-1.146045	
282	-0.901674	
283	-0.659415	
284	-0.433600	
285	-0.237361	
286	-0.081851	
287	0.024426	
288	0.076121	
289	0.071356	
290	0.011832	
291	-0.097278	
292	-0.247643	
293	-0.428284	
294	-0.626236	
295	-0.827338	
296	-1.017083	
297	-1.181502	
298	-1.308012	
299	-1.386175	
300	-1.408340	
301	-1.370110	
302	-1.270618	
303	-1.112588	
304	-0.902189	
305	-0.648674	
306	-0.363839	
307	-0.061329	
308	0.244168	
309	0.537787	
310	0.805364	
311	1.034273	
312	1.214170	
313	1.337598	
314	1.400427	
315	1.402082	
316	1.345569	
317	1.237286	
318	1.086622	
319	0.905389	
320	0.707100	
321	0.506149	
322	0.316943	
323	0.153025	
324	0.026255	
325	-0.053906	
326	-0.080975	
327	-0.051835	
328	0.033065	
329	0.169738	
330	0.350892	
331	0.566360	
332	0.803714	
333	1.049001	
334	1.287584	
335	1.505013	
336	1.687898	
337	1.824709	
338	1.906470	
339	1.927301	
340	1.884772	
341	1.780054	
342	1.617857	
343	1.406148	
344	1.155684	
345	0.879374	
346	0.591512	
347	0.306931	
348	0.040119	
349	-0.195634	
350	-0.389030	
351	-0.531419	
352	-0.617319	
353	-0.644721	
354	-0.615206	
355	-0.533836	
356	-0.408834	
357	-0.251086	
358	-0.073469	
359	0.109930	
360	0.284673	
361	0.436847	
362	0.553913	
363	0.625471	
364	0.643895	
365	0.604801	
366	0.507324	
367	0.354183	
368	0.151527	
369	-0.091419	
370	-0.362900	
371	-0.649320	
372	-0.936053	
373	-1.208303	
374	-1.451987	
375	-1.654570	
376	-1.805806	
377	-1.898347	
378	-1.928177	
379	-1.894847	
380	-1.801496	
381	-1.654657	
382	-1.463867	
383	-1.241088	
384	-0.999990	
385	-0.755128	
386	-0.521073	
387	-0.311538	
388	-0.138555	
389	-0.011758	
390	0.062194	
391	0.080008	
392	0.041955	
393	-0.048153	
394	-0.183198	
395	-0.353190	
396	-0.545870	
397	-0.747453	
398	-0.943466	
399	-1.119621	
400	-1.262682	
401	-1.361270	
402	-1.406552	
403	-1.392786	
404	-1.317670	
405	-1.182502	
406	-0.992102	
407	-0.754546	
408	-0.480688	
409	-0.183524	
410	0.122572	
411	0.422700	
412	0.702313	
413	0.948073	
414	1.148642	
415	1.295347	
416	1.382686	
417	1.408647	
418	1.374817	
419	1.286271	
420	1.151262	
421	0.980713	
422	0.787548	
423	0.585914	
424	0.390318	
425	0.214750	
426	0.071837	
427	-0.027923	
428	-0.076797	
429	-0.070288	
430	-0.007408	
431	0.109255	
432	0.273687	
433	0.476810	
434	0.707017	
435	0.950869	
436	1.193897	
437	1.421472	
438	1.619680	
439	1.776154	
440	1.880824	
441	1.926516	
442	1.909392	
443	1.829178	
444	1.689190	
445	1.496138	
446	1.259731	
447	0.992103	
448	0.707093	
449	0.419422	
450	0.143822	
451	-0.105839	
452	-0.317376	
453	-0.481012	
454	-0.589947	
455	-0.640759	
456	-0.633593	
457	-0.572145	
458	-0.463425	
459	-0.317325	
460	-0.146014	
461	0.036805	
462	0.216729	
463	0.379530	
464	0.512022	
465	0.602866	
466	0.643259	
467	0.627476	
468	0.553225	
469	0.421797	
470	0.238002	
471	0.009889	
472	-0.251724	
473	-0.533886	
474	-0.822279	
475	-1.102071	
476	-1.358790	
477	-1.579186	
478	-1.752016	
479	-1.868710	
480	-1.923881	
481	-1.915636	
482	-1.845692	
483	-1.719260	
484	-1.544736	
485	-1.333190	
486	-1.097703	
487	-0.852579	
488	-0.612489	
489	-0.391591	
490	-0.202683	
491	-0.056435	
492	0.039245	
493	0.079682	
494	0.063714	
495	-0.006249	
496	-0.124370	
497	-0.281744	
498	-0.466935	
499	-0.666674	
500	-0.866660	
501	-1.052424	
502	-1.210209	
503	-1.327802	
504	-1.395278	
505	-1.405605	
506	-1.355075	
507	-1.243542	
508	-1.074439	
509	-0.854585	
510	-0.593792	
511	-0.304284	
512	0.000017	
513	0.304318	
514	0.593823	
515	0.854613	
516	1.074461	
517	1.243558	
518	1.355084	
519	1.405607	
520	1.395274	
521	1.327792	
522	1.210193	
523	1.052405	
524	0.866638	
525	0.666651	
526	0.466913	
527	0.281724	
528	0.124355	
529	0.006239	
530	-0.063719	
531	-0.079681	
532	-0.039237	
533	0.056448	
534	0.202702	
535	0.391614	
536	0.612515	
537	0.852606	
538	1.097730	
539	1.333216	
540	1.544758	
541	1.719278	
542	1.845703	
543	1.915641	
544	1.923878	
545	1.868701	
546	1.751999	
547	1.579164	
548	1.358763	
549	1.102041	
550	0.822247	
551	0.533853	
552	0.251693	
553	-0.009917	
554	-0.238026	
555	-0.421815	
556	-0.553237	
557	-0.627481	
558	-0.643258	
559	-0.602859	
560	-0.512009	
561	-0.379513	
562	-0.216709	
563	-0.036785	
564	0.146034	
565	0.317343	
566	0.463439	
567	0.572155	
568	0.633597	
569	0.640756	
570	0.589938	
571	0.480997	
572	0.317355	
573	0.105812	
574	-0.143852	
575	-0.419454	
576	-0.707125	
577	-0.992134	
578	-1.259759	
579	-1.496162	
580	-1.689209	
581	-1.829191	
582	-1.909398	
583	-1.926515	
584	-1.880815	
585	-1.776139	
586	-1.619659	
587	-1.421448	
588	-1.193870	
589	-0.950841	
590	-0.706990	
591	-0.476786	
592	-0.273666	
593	-0.109239	
594	0.007418	
595	0.070292	
596	0.076795	
597	0.027914	
598	-0.071851	
599	-0.214769	
600	-0.390339	
601	-0.585937	
602	-0.787571	
603	-0.980734	
604	-1.151280	
605	-1.286284	
606	-1.374824	
607	-1.408648	
608	-1.382680	
609	-1.295334	
610	-1.148622	
611	-0.948047	
612	-0.702283	
613	-0.422667	
614	-0.122538	
615	0.183558	
616	0.480720	
617	0.754575	
618	0.992126	
619	1.182520	
620	1.317682	
621	1.392791	
622	1.406551	
623	1.361262	
624	1.262669	
625	1.119603	
626	0.943444	
627	0.747430	
628	0.545847	
629	0.353169	
630	0.183181	
631	0.048140	
632	-0.041963	
633	-0.080009	
634	-0.062189	
635	0.011769	
636	0.138572	
637	0.311560	
638	0.521099	
639	0.755155	
640	1.000017	
641	1.241115	
642	1.463891	
643	1.654677	
644	1.801509	
645	1.894855	
646	1.928178	
647	1.898340	
648	1.805792	
649	1.654550	
650	1.451962	
651	1.208274	
652	0.936021	
653	0.649288	
654	0.362868	
655	0.091390	
656	-0.151553	
657	-0.354203	
658	-0.507338	
659	-0.604808	
660	-0.643896	
661	-0.625466	
662	-0.553902	
663	-0.436831	
664	-0.284654	
665	-0.109910	
666	0.073489	
667	0.251105	
668	0.408850	
669	0.533847	
670	0.615213	
671	0.644721	
672	0.617312	
673	0.531407	
674	0.389011	
675	0.195610	
676	-0.040148	
677	-0.306962	
678	-0.591545	
679	-0.879406	
680	-1.155714	
681	-1.406174	
682	-1.617878	
683	-1.780069	
684	-1.884780	
685	-1.927302	
686	-1.906465	
687	-1.824697	
688	-1.687880	
689	-1.504990	
690	-1.287558	
691	-1.048974	
692	-0.803687	
693	-0.566334	
694	-0.350869	
695	-0.169720	
696	-0.033052	
697	0.051842	
698	0.080975	
699	0.053900	
700	-0.026267	
701	-0.153042	
702	-0.316964	
703	-0.506172	
704	-0.707122	
705	-0.905411	
706	-1.086641	
707	-1.237301	
708	-1.345579	
709	-1.402085	
710	-1.400424	
711	-1.337588	
712	-1.214152	
713	-1.034249	
714	-0.805335	
715	-0.537755	
716	-0.244134	
717	0.061363	
718	0.363873	
719	0.648705	
720	0.902216	
721	1.112609	
722	1.270632	
723	1.370118	
724	1.408341	
725	1.386169	
726	1.308000	
727	1.181485	
728	1.017062	
729	0.827316	
730	0.626214	
731	0.428262	
732	0.247624	
733	0.097263	
734	-0.011841	
735	-0.071359	
736	-0.076119	
737	-0.024417	
738	0.081866	
739	0.237381	
740	0.433624	
741	0.659442	
742	0.901702	
743	1.146073	
744	1.377886	
745	1.583016	
746	1.748724	
747	1.864427	
748	1.922332	
749	1.917906	
750	1.850156	
751	1.721689	
752	1.538559	
753	1.309919	
754	1.047471	
755	0.764775	
756	0.476445	
757	0.197282	
758	-0.058605	
759	-0.278634	
760	-0.452495	
761	-0.572755	
762	-0.635292	
763	-0.639536	
764	-0.588483	
765	-0.488509	
766	-0.348973	
767	-0.181644	
768	0.000016	
769	0.181674	
770	0.348999	
771	0.488529	
772	0.588496	
773	0.639540	
774	0.635287	
775	0.572739	
776	0.452470	
777	0.278601	
778	0.058565	
779	-0.197328	
780	-0.476493	
781	-0.764823	
782	-1.047517	
783	-1.309961	
784	-1.538594	
785	-1.721715	
786	-1.850173	
787	-1.917912	
788	-1.922327	
789	-1.864412	
790	-1.748700	
791	-1.582984	
792	-1.377849	
793	-1.146032	
794	-0.901660	
795	-0.659402	
796	-0.433588	
797	-0.237351	
798	-0.081843	
799	0.024431	
800	0.076123	
801	0.071354	
802	0.011827	
803	-0.097285	
804	-0.247652	
805	-0.428294	
806	-0.626248	
807	-0.827349	
808	-1.017093	
809	-1.181510	
810	-1.308017	
811	-1.386178	
812	-1.408340	
813	-1.370106	
814	-1.270610	
815	-1.112578	
816	-0.902176	
817	-0.648659	
818	-0.363823	
819	-0.061312	
820	0.244185	
821	0.537803	
822	0.805378	
823	1.034284	
824	1.214178	
825	1.337604	
826	1.400429	
827	1.402080	
828	1.345565	
829	1.237279	
830	1.086613	
831	0.905378	
832	0.707088	
833	0.506138	
834	0.316933	
835	0.153017	
836	0.026249	
837	-0.053909	
838	-0.080975	
839	-0.051832	
840	0.033071	
841	0.169747	
842	0.350903	
843	0.566373	
844	0.803728	
845	1.049015	
846	1.287597	
847	1.505024	
848	1.687907	
849	1.824715	
850	1.906473	
851	1.927301	
852	1.884768	
853	1.780047	
854	1.617846	
855	1.406134	
856	1.155669	
857	0.879358	
858	0.591496	
859	0.306915	
860	0.040105	
861	-0.195647	
862	-0.389039	
863	-0.531426	
864	-0.617322	
865	-0.644721	
866	-0.615203	
867	-0.533830	
868	-0.408826	
869	-0.251076	
870	-0.073458	
871	0.109941	
872	0.284682	
873	0.436854	
874	0.553918	
875	0.625474	
876	0.643894	
877	0.604797	
878	0.507317	
879	0.354173	
880	0.151515	
881	-0.091433	
882	-0.362916	
883	-0.649337	
884	-0.936069	
885	-1.208318	
886	-1.452000	
887	-1.654580	
888	-1.805813	
889	-1.898350	
890	-1.928177	
891	-1.894844	
892	-1.801489	
893	-1.654648	
894	-1.463856	
895	-1.241075	
896	-0.999976	
897	-0.755114	
898	-0.521061	
899	-0.311527	
900	-0.138547	
901	-0.011752	
902	0.062197	
903	0.080007	
904	0.041952	
905	-0.048159	
906	-0.183207	
907	-0.353200	
908	-0.545881	
909	-0.747464	
910	-0.943476	
911	-1.119630	
912	-1.262689	
913	-1.361274	
914	-1.406553	
915	-1.392783	
916	-1.317665	
917	-1.182492	
918	-0.992090	
919	-0.754531	
920	-0.480671	
921	-0.183507	
922	0.122589	
923	0.422717	
924	0.702328	
925	0.948085	
926	1.148652	
927	1.295354	
928	1.382689	
929	1.408647	
930	1.374813	
931	1.286264	
932	1.151254	
933	0.980702	
934	0.787537	
935	0.585903	
936	0.390308	
937	0.214741	
938	0.071830	
939	-0.027927	
940	-0.076798	
941	-0.070286	
942	-0.007403	
943	0.109263	
944	0.273698	
945	0.476823	
946	0.707031	
947	0.950883	
948	1.193911	
949	1.421485	
950	1.619690	
951	1.776161	
952	1.880828	
953	1.926517	
954	1.909389	
955	1.829172	
956	1.689180	
957	1.496125	
958	1.259716	
959	0.992087	
960	0.707076	
961	0.419405	
962	0.143807	
963	-0.105852	
964	-0.317387	
965	-0.481020	
966	-0.589952	
967	-0.640760	
968	-0.633591	
969	-0.572140	
970	-0.463418	
971	-0.317316	
972	-0.146003	
973	0.036816	
974	0.216739	
975	0.379538	
976	0.512029	
977	0.602870	
978	0.643260	
979	0.627473	
980	0.553219	
981	0.421788	
982	0.237990	
983	0.009875	
984	-0.251740	
985	-0.533902	
986	-0.822295	
987	-1.102087	
988	-1.358804	
989	-1.579197	
990	-1.752024	
991	-1.868715	
992	-1.923882	
993	-1.915634	
994	-1.845686	
995	-1.719252	
996	-1.544725	
997	-1.333178	
998	-1.097689	
999	-0.852565	
1000	-0.612476	
1001	-0.391579	
1002	-0.202673	
1003	-0.056428	
1004	0.039249	
1005	0.079683	
1006	0.063711	
1007	-0.006255	
1008	-0.124378	
1009	-0.281753	
1010	-0.466946	
1011	-0.666686	
1012	-0.866671	
1013	-1.052434	
1014	-1.210217	
1015	-1.327808	
1016	-1.395281	
1017	-1.405604	
1018	-1.355071	
1019	-1.243534	
1020	-1.074428	
1021	-0.854572	
1022	-0.593776	
1023	-0.304267	
